   2.0000000e+00   1.5114991e+00   4.9167381e-02   5.2395083e-01   1.6198008e+00  -7.6071655e-01  -1.1003941e+00   1.8066493e+00   2.5465581e-01   9.3110294e-01  -1.7349564e+00
   2.0000000e+00   3.8062891e-01   3.5328274e-01  -2.9276189e+00  -7.0651258e-01  -7.4313302e-01  -1.9775456e+00  -1.0809115e+00   2.7626358e-01   1.1834762e+00   5.4693243e-01
   2.0000000e+00   7.1397059e-01   5.6516309e-01   2.5856080e+00  -3.8492520e-01   1.7229333e+00   9.8555202e-01  -7.4203174e-01   1.3240669e+00  -1.9338282e+00   2.8719051e-01
   2.0000000e+00  -5.4603294e-01   3.9123002e-01  -1.2467215e+00  -2.0112707e+00  -9.5622126e-01  -2.3807249e-01  -1.3106298e+00   1.0800870e-01   3.0494112e-01   8.5634024e-01
   2.0000000e+00   1.2267037e+00  -3.3135683e-02  -1.8593101e-02   1.3057470e-01  -7.2255207e-01  -4.8276679e-02   1.4441695e+00  -1.1382206e+00   3.0715532e-01  -3.7634177e-01
   2.0000000e+00   1.0834304e+00   6.1763868e-01   2.2875676e-01   1.2674741e-02   3.2660130e-01  -8.8710645e-01   1.5897725e+00  -3.9965744e-01  -3.7415812e-01  -3.8255292e-01
   2.0000000e+00   5.2808624e-01  -1.6830981e-01  -5.4970320e-01   2.5541690e-01  -7.2932696e-01  -1.0623632e-01  -3.0364425e-02  -2.8746923e-01   1.4767188e+00  -2.4160090e-01
   2.0000000e+00   5.4294881e-01   1.0881847e-01   1.5776139e-01   5.9319764e-01  -5.3639022e-01  -3.4597575e-01  -1.4656654e+00   9.9558396e-01  -4.5258114e-01  -9.6356895e-01
   1.0000000e+00   5.7139198e-01   6.5626024e-01   4.2010681e-01   1.7093984e+00   2.8055284e-01   3.3807542e-01  -2.2247702e-01  -2.1830421e+00   9.1083313e-01  -3.7467624e-01
   2.0000000e+00  -1.0771281e+00   8.6715125e-01   4.9480622e-01  -1.5708365e+00   7.5737601e-01   1.0337119e+00   1.6073184e+00   1.6407068e+00  -8.4991538e-01   4.5735761e-01
   2.0000000e+00  -2.1248112e-01   2.3190307e+00  -3.6198090e-01   1.7208606e-01  -6.4914104e-03   9.3770285e-01  -2.6502696e-02   5.2809617e-01   3.0210599e-01   5.2080014e-01
   2.0000000e+00   7.9641538e-01   1.8760996e+00  -6.0599327e-01  -4.4945966e-01   1.2983911e+00  -1.1207907e-01   1.2708374e+00   1.4977602e-01  -3.9935640e-01   9.6389014e-01
   2.0000000e+00  -1.4999592e+00  -8.4018917e-01   1.0389973e+00   6.5441031e-01   1.6006719e+00  -9.1275096e-01  -3.1322122e-01   2.8266579e-01   4.7261890e-01  -1.0925465e+00
   2.0000000e+00  -8.5768642e-01  -9.1010194e-01   7.1544745e-01  -9.3832552e-01  -1.3007802e-01  -2.0357731e+00   7.4837145e-01   1.4625135e+00  -1.5779085e-01   2.1136337e+00
   2.0000000e+00  -2.0890038e-01   6.3309321e-01   2.0157029e+00   1.8349266e+00  -1.4512858e+00   2.1077478e-02   1.7124606e-01  -8.5738460e-02  -1.1002682e+00  -1.0714330e+00
   2.0000000e+00   2.4898622e-01   6.1645751e-01  -7.5216361e-01  -1.9258035e+00  -1.6017301e+00  -3.5121934e-01  -7.6716680e-01   6.6965500e-01   1.8609941e+00  -1.3070613e-01
   2.0000000e+00   1.4088602e-01   1.3350271e-01  -1.8212242e-01   9.1687916e-01   1.5125529e+00   1.1349125e+00   1.6961661e+00  -3.3410504e-01  -5.4519940e-02  -2.5389133e-01
   2.0000000e+00   1.8647315e+00   3.4945793e-01  -1.3072751e+00  -3.0180558e-01  -1.0360792e-01   4.3835662e-02  -2.2743723e-02   1.2881631e+00   1.6094634e+00  -1.8748995e-01
   2.0000000e+00  -1.5677034e-01  -6.4063453e-02  -1.2294515e+00  -1.3716878e+00   7.5975167e-01  -1.2703313e-01  -1.3436634e+00   4.7048649e-01  -4.1565907e-01   1.7536735e-01
   2.0000000e+00  -1.7502051e-01  -2.5416196e-01  -5.9045802e-01   1.5811792e+00   3.8150799e-01  -2.1588392e-01   6.4040591e-02   1.6938383e-01  -3.8259433e-02   5.5448783e-01
   1.0000000e+00   1.6096763e+00   8.2341106e-01  -1.6019093e-01  -1.5420956e+00  -7.7263910e-01   7.3736933e-01   9.6477523e-02   8.2095563e-01   3.2120632e-01   1.3776488e+00
   1.0000000e+00   2.7695801e-01  -1.0428895e+00   3.9145283e-02  -1.6974911e+00  -4.3961980e-02   2.0384859e-01  -2.5206679e+00   2.6257973e+00  -1.2960623e+00  -6.2320078e-01
   2.0000000e+00  -7.4318451e-01   6.1098850e-01   8.1328829e-01  -8.5194580e-01  -5.4218974e-03   7.4675059e-01  -2.2659040e-02   1.3962228e+00   1.3027166e+00  -1.8755369e+00
   2.0000000e+00   8.4815027e-01   3.1794742e-01   5.2920975e-01  -1.2497698e-01   2.8501286e-01   1.2251822e+00   4.6555379e-01  -7.3018152e-02  -3.8595787e-01   8.5149001e-01
   2.0000000e+00  -6.4892049e-01   3.6268166e-01   1.5843230e-01  -7.2066263e-01   2.8750319e-01   1.2268039e+00  -2.2843053e+00   2.5821573e-01   9.9934618e-01   1.6993040e-01
   2.0000000e+00   5.8287220e-01   3.4669297e-01  -3.8360638e-01   2.2910467e-01   9.8748850e-01  -2.4527045e-02   1.0928717e+00  -4.4593648e-01   9.4710398e-01   4.9691351e-01
   2.0000000e+00  -5.6283076e-01   9.1167610e-01  -7.2545395e-01  -1.5564981e+00  -7.6236295e-02  -1.2597087e+00  -1.2835582e+00   9.8534546e-01   3.3459853e-01  -8.2890427e-01
   2.0000000e+00  -1.9903464e+00  -3.5516837e-01   2.1315943e-01   1.5909596e+00   4.9967934e-01  -6.9639177e-01   3.9733855e-01  -5.5620781e-01   1.7005176e+00   1.3038607e+00
   1.0000000e+00   9.2994242e-02   4.1415460e-01   3.3745786e-01   8.4361121e-01  -1.7388094e+00   1.5636804e-01  -4.6336534e-01  -8.9651335e-01  -2.7647753e-01   4.8855554e-01
   2.0000000e+00   1.0418158e-01  -1.8295370e+00   1.0047358e+00  -2.5237547e-02  -1.2712317e+00  -9.5119702e-01   3.6061916e-01  -1.2678133e-01   1.2012597e-01   8.5439765e-01
   1.0000000e+00  -7.1085046e-01  -1.5676939e+00  -7.8381591e-02   5.2581819e-02   1.8606207e+00   2.7653803e-01   8.0756120e-01   1.6742008e+00   4.9983829e-01   1.7447917e+00
   1.0000000e+00   4.9188864e-01  -1.1175286e+00  -4.7389061e-01   2.5739291e-01   3.8211399e-01   6.3898635e-01   2.3011304e-02  -1.0797866e+00  -1.4999897e+00  -2.1393605e-01
   2.0000000e+00  -2.3272090e-01  -1.8659273e-01  -1.8088825e+00  -1.8454955e+00   3.7163764e-01   1.4861664e+00   1.0685750e-01   5.8469186e-01   5.7498300e-01  -1.1727268e+00
   2.0000000e+00  -3.8855808e-01  -1.6466629e+00  -1.8932408e+00  -2.0307039e+00   9.0938372e-01  -1.7163138e-01  -1.4635933e+00   2.8281721e-01   1.3613022e+00   3.6348525e-01
   2.0000000e+00   2.3681954e-01  -1.7591852e+00   1.2760222e+00   2.7156119e+00  -8.3397580e-01   5.8783395e-01   8.3728569e-01   5.7584013e-01  -3.9039618e-01  -1.0094608e+00
   1.0000000e+00  -4.6373064e-01   2.1009594e+00  -3.4604507e-01   2.0981130e+00   8.7565302e-01   7.7341925e-01  -2.7301779e-01  -1.6550748e-01   6.3789331e-02  -9.8563056e-01
   1.0000000e+00   2.8960580e-01   4.6865763e-01  -6.1444810e-01   9.1492303e-01  -6.1920836e-01   4.6025426e-01  -1.8175948e+00   4.8866183e-01   2.1223692e+00  -1.3625188e+00
   2.0000000e+00  -4.4717184e-01  -1.8009473e+00  -1.4150392e+00  -4.7008096e-01  -6.9228031e-01  -1.5469153e+00  -4.7874804e-01  -5.4659063e-01   8.5299880e-01  -6.3484332e-01
   2.0000000e+00  -1.2394976e+00   4.3363453e-01   1.7864689e+00   1.2592605e+00  -9.2771419e-01  -5.4113810e-01  -3.3116178e-01  -8.8328196e-01   8.3261749e-01  -1.2435480e+00
   2.0000000e+00  -2.5856634e+00   2.1632700e+00  -5.6868795e-01   2.7201902e+00   2.8798062e-01   1.6183388e-01   3.4471172e-01   2.8261661e-01   4.9557545e-01   2.3181367e+00
   2.0000000e+00   2.3318606e-01   2.8210530e+00   7.6244208e-01   5.0502926e-01  -8.8689003e-01  -7.4083419e-01   3.2449687e-01  -2.0050219e-01   1.1603875e-01  -8.4430536e-01
   1.0000000e+00   7.5484850e-02   1.0821823e+00  -1.4402105e-01  -2.2689030e+00   9.2974895e-02   3.8430157e-01  -1.4371383e+00  -1.7040489e-01   2.3563750e+00   3.9979454e-01
   2.0000000e+00   1.3563026e+00  -5.6770930e-02   6.8483115e-01   1.4008368e+00   7.4976418e-01   8.8351387e-01   1.1720733e+00   2.0325598e-01   3.2879039e-01  -1.1928629e+00
   2.0000000e+00   1.0247797e+00   1.3302367e+00  -1.2584277e+00   5.8711945e-01  -5.2603475e-01  -2.4620659e-01   1.3903440e+00   6.1184199e-01   8.8797595e-01  -7.8364042e-01
   2.0000000e+00  -1.6463032e-01   1.3758897e-01   1.0930603e+00  -2.4429144e-01  -2.1523376e-01  -5.0376706e-01  -7.3560383e-01   9.5689963e-01   4.7504764e-02  -1.9336322e+00
   2.0000000e+00   5.0143724e-01   1.4085599e+00  -1.7889871e+00  -3.8694626e-01   1.4689319e+00  -2.1403207e+00   7.7085408e-01  -2.4880722e-01   2.1916224e+00   1.2481732e-01
   2.0000000e+00   1.1663502e+00   1.6268584e+00  -4.6429179e-01  -8.6514388e-01  -1.3655065e-01   1.9190650e+00   7.5358680e-01  -2.2175091e-01  -9.1980763e-01   3.5826115e-02
   1.0000000e+00   4.0763466e-01   2.3480423e+00   5.8718048e-01   2.6993227e+00   1.7298877e+00   3.1276938e-01  -4.3736607e-01  -1.6090368e+00  -4.0383572e-01   1.9752653e-01
   2.0000000e+00   2.1642891e+00   4.0358169e-02  -1.4586954e+00  -3.9937656e-01  -5.7954721e-01  -6.2998874e-01   4.2288846e-01  -7.8139831e-01  -1.9639632e+00  -1.1189910e+00
   2.0000000e+00  -6.5106173e-02  -7.6163064e-01   1.6141921e+00  -2.8935409e-01  -1.1006426e+00  -2.6958472e-01   8.1017855e-01   4.9403969e-02   2.4416813e-01  -5.5519082e-01
   1.0000000e+00   8.4932594e-01  -7.0376521e-01  -5.7780610e-01   3.1023242e-01   4.2639727e-01   6.7583078e-01   4.4697945e-01   8.0535400e-01   8.2987232e-01   7.9241800e-02
   1.0000000e+00  -6.6458187e-01   7.6169421e-01  -2.3650403e-01  -9.4396899e-01   4.3021355e-01   4.3388983e-01  -8.6485431e-01  -7.8866264e-01   1.8787913e+00   1.3236152e+00
   2.0000000e+00  -1.1922440e-01   1.6667275e+00  -1.9854533e-01   4.4544141e-01   1.5613207e+00  -4.1306790e-02   1.5189362e+00  -5.3288919e-01  -1.7658966e-01  -4.7476686e-01
   1.0000000e+00   1.0582668e+00  -1.4627968e+00   4.7088966e-01  -2.5102017e-01  -2.4345011e-01   1.0880505e-01   6.3594879e-02  -3.0104780e-01   4.2208984e-01  -9.2282954e-01
   2.0000000e+00   3.1183012e-02   2.3391528e-01   1.4721682e+00  -4.9176218e-02  -6.7468085e-01  -3.1484041e-01  -2.9316591e+00  -1.4777519e+00   1.8235976e-01   1.2948178e-01
   2.0000000e+00   9.9133557e-01  -3.1234638e-01  -8.6516459e-01  -6.3645698e-03  -4.5202128e-01   6.4538602e-01   1.7902783e-01   3.4520265e-01  -1.4688828e+00  -8.7416887e-01
   2.0000000e+00  -1.4827904e+00   1.0152533e-01  -6.3608979e-01  -1.1261263e+00  -9.6189315e-01   9.0778847e-01   7.8515914e-01   1.6129803e-01   2.0029969e+00   6.0857484e-01
   1.0000000e+00   1.0231871e+00   3.1752157e-01  -7.9268290e-02   1.5622810e+00   1.1731869e+00   6.5000223e-01  -1.0915690e-01   3.9709334e-01   1.9497518e-01   1.2071018e-01
   1.0000000e+00  -5.4183563e-01  -1.2417337e+00  -1.3983527e-01   9.0507313e-03  -1.6888769e+00   9.7369388e-01  -8.8419165e-01  -4.6531758e-01  -1.8414670e-01   3.7968600e-01
   2.0000000e+00  -6.9273287e-01   2.5306827e-01   5.6679760e-01  -9.1975598e-01  -1.0519591e+00  -9.9321177e-02   1.0036356e+00   9.5999828e-01   1.2078697e+00  -1.5346048e+00
   2.0000000e+00  -2.1599255e+00   3.8930509e-01  -1.1018351e+00  -8.4748930e-01  -7.5211640e-01   2.3212350e+00   4.0006578e-01   7.1759505e-01   3.7400602e-01   1.4808489e-01
   2.0000000e+00  -8.4180925e-01   2.6175331e-01  -7.0474681e-01  -1.8419116e-01   8.8715372e-01   1.3179940e+00   1.1552132e+00  -4.4098838e-01   1.4161787e-01  -3.6060469e-01
   2.0000000e+00   1.0050934e+00   1.2251274e-01   1.1047464e+00   7.0743823e-01   1.8646441e-01  -2.5253862e-01   3.2993073e-01   6.1461270e-01   1.0384288e+00   2.5280758e-01
   1.0000000e+00   1.1282921e+00  -1.6739812e-01  -1.8181606e-01   1.5371986e+00  -9.5770269e-02   3.5067573e-01  -1.9777827e-01  -1.0515177e-02   2.8753572e+00   1.1931565e+00
   2.0000000e+00  -1.4283770e+00   2.3708812e-01  -3.9545589e-01  -7.9106973e-01  -7.0020824e-01  -5.3449460e-01  -1.6697935e+00  -4.0636014e-01  -6.7871239e-02  -1.6239771e+00
   2.0000000e+00  -7.0764792e-02  -8.6500030e-02  -1.6297430e+00   3.7679624e-01   3.1168143e-01  -1.0883707e+00   1.1829855e+00  -1.6726763e+00  -7.3408093e-01  -1.8674382e+00
   2.0000000e+00   9.3773022e-01  -3.6001793e-01  -3.2681372e+00  -5.5750188e-01   3.3586043e-01   1.8373495e+00  -1.5585629e+00  -5.5932153e-01  -4.8903896e-01   7.6200473e-01
   2.0000000e+00  -4.4495642e-01  -7.5346748e-01   1.1373286e+00   3.3813948e-01  -1.8463162e+00  -4.0435672e-01  -2.4987716e-01  -4.8288317e-01   9.1405027e-02   5.1796180e-01
   2.0000000e+00   1.4543422e+00  -2.8467103e+00   1.7315153e+00   2.1450906e+00  -7.2792598e-01   1.7753798e+00  -3.5926840e-01  -1.5215001e+00   1.7923417e-01   2.7802670e-01
   2.0000000e+00   1.7849511e+00   1.0853802e+00  -2.3522410e-01   2.7836117e-01   1.5265851e+00  -9.2574561e-01   3.6621060e-01   2.6364624e+00  -1.2525761e-01  -7.0793831e-01
   2.0000000e+00  -5.1636057e-01   9.0519622e-01   1.1521943e+00   2.2230079e+00  -1.2438423e+00  -5.6253171e-01   2.1321635e+00   3.3927729e-01   4.6140761e-01  -1.8895840e+00
   2.0000000e+00   1.6196301e-01  -1.3997638e+00   9.6339440e-01   6.0585010e-01  -2.5743972e-01  -1.1018816e+00   2.5317736e-01   1.1980989e+00   2.9929481e-01   2.6320014e-01
   2.0000000e+00   6.8652147e-01   1.3046232e+00  -1.3169473e+00  -2.3000823e+00  -7.7279334e-01   1.4450556e+00   7.2248788e-01   5.4643563e-01   1.3789599e+00  -2.2784082e+00
   1.0000000e+00   1.1058832e+00   1.5107105e+00   2.1363343e-01  -8.4339329e-01   1.8131325e+00   2.5568043e-01  -6.1057095e-01  -1.5745595e+00  -3.7071980e-01  -1.9564987e-01
   2.0000000e+00  -4.0969272e-01   1.3759682e+00  -2.2958668e-01   1.0147561e+00   1.3934885e+00  -8.7938906e-01   8.1232700e-01   1.5798522e+00   1.1894144e-01   7.8947887e-01
   2.0000000e+00  -5.9984847e-01   6.3667744e-01   1.4426159e+00  -6.3687991e-01  -7.5295683e-01   2.0882261e-01  -3.7850387e-01  -4.2951376e-01  -1.0732287e+00   1.3687557e+00
   2.0000000e+00  -6.9512286e-02   2.2579847e+00   5.1193420e-01   2.4533810e-01   1.6650115e-01  -4.1535244e-01   1.6677815e+00   2.8355377e-01  -7.6199760e-01   6.3980636e-02
   2.0000000e+00   7.0580031e-01  -2.5336528e-02   6.8699852e-01   3.6089010e-01   4.6726530e-01  -1.0078520e+00   1.0554525e+00   1.6408383e+00   3.2593448e-01   6.3257834e-01
   1.0000000e+00  -1.4564966e+00  -1.1653508e+00  -5.0000723e-02  -1.4151656e+00   1.5580428e-01   1.9129258e-01  -4.6371549e-01  -1.8653778e+00  -9.8227159e-01  -6.8765278e-01
   1.0000000e+00   9.2353221e-01  -2.8607233e+00   1.8365040e-01  -1.9768686e+00  -2.4950037e-01   1.9593203e-02   5.3737717e-01  -3.2172333e-01  -5.3526423e-01   1.8389530e+00
   2.0000000e+00   7.5900938e-01   1.8692910e-01   1.1383838e+00   5.3938726e-01   7.7450651e-01  -8.6869643e-01   1.6595899e+00   7.7823038e-01  -5.0930910e-01   1.1939263e+00
   1.0000000e+00   6.6966865e-01  -1.9938179e-01  -6.4803236e-01  -2.3604930e+00   7.8656473e-01   6.5749667e-01   1.1917563e+00  -6.6779988e-01  -1.4517828e+00  -1.2627389e+00
   2.0000000e+00   1.9934201e-01  -8.1188554e-01   1.0400194e+00  -9.6319476e-01  -2.2702578e-01   7.4193960e-02   2.3114899e-01   3.0827917e+00   2.6083607e-01  -2.2133570e-01
   1.0000000e+00  -1.0626891e+00  -1.3885643e-01  -3.4422693e-01  -1.1420666e+00  -1.4885691e+00   3.2030035e-01   8.0330537e-01  -8.5220038e-01   8.8167048e-01   4.1566826e-01
   2.0000000e+00   1.9124007e-01   1.3218979e+00   8.5851520e-01  -6.8244304e-01   7.7628429e-01  -1.3618042e+00  -1.1411157e+00  -6.4464928e-01  -1.1847517e+00  -1.0065670e+00
   1.0000000e+00  -1.4728274e+00   1.9067993e-01  -1.2541780e-01  -1.1578397e-02   2.0482139e+00   7.3386326e-01  -1.2869147e-01   1.0543334e+00   2.4335404e-01  -2.8583789e-01
   1.0000000e+00  -3.4465776e-01   1.0873775e+00   6.8331360e-01   2.6246445e-01   9.3127510e-02   1.2680879e-01   1.5099105e-01   1.0672780e+00   2.7052804e-01   4.9963946e-01
   2.0000000e+00   1.5093483e+00   3.6925722e-01   8.3934517e-01  -8.2435592e-01  -1.2293325e+00  -8.6740081e-01   4.9117053e-01  -6.6978348e-01  -1.8849940e+00  -5.7568585e-01
   2.0000000e+00   6.6627832e-01  -1.7802993e+00  -4.0001192e-01  -6.3927282e-01   9.5166872e-01   1.0741243e+00   8.0860724e-01   7.6560491e-02   2.2761784e-01   1.6748678e+00
   2.0000000e+00  -3.9114805e-01  -1.3000613e+00   1.0033435e+00  -4.9332810e-01   2.6726877e-01  -5.8556522e-01   6.5536011e-01  -6.1538189e-01  -6.9596007e-01  -1.0381642e+00
   2.0000000e+00   1.1517396e+00   5.0113908e-01   6.6036992e-01  -6.4118905e-01   7.1821039e-02   8.9864692e-01   8.4820587e-01   5.5917360e-01   1.0103288e+00   2.2942066e+00
   1.0000000e+00   5.4804464e-01  -3.1263421e-01   1.4362873e-01  -1.5964250e+00   3.1409472e-01   4.1991127e-03   1.0081549e-01   3.3003951e-01   9.2410632e-01   1.0498747e+00
   2.0000000e+00  -9.9473782e-01   8.7093617e-01   1.6440852e-01   2.2599495e-01   2.2850410e-01   2.5257358e+00   8.2397687e-01   8.6009526e-01  -3.5009365e-01   3.3397708e-01
   2.0000000e+00   1.8554838e-01   2.7506158e+00   1.7155612e+00  -3.4392490e-01   4.8504238e-01  -1.1883762e+00  -4.3722431e-01  -2.4567854e-01   7.4878638e-01   1.2984186e+00
   1.0000000e+00  -1.5239864e+00  -5.7050191e-01  -8.2815153e-01  -2.4195688e-02   9.7792452e-01   3.4445338e-01  -1.9739555e+00  -1.1685645e-01  -5.5135033e-01   1.9450451e+00
   1.0000000e+00  -1.0345567e+00  -7.5065277e-01  -1.4190431e-02  -5.9335141e-01   5.0703254e-01   1.7175397e-02   3.1970831e-01   5.9798312e-01   1.4064726e+00   8.5583793e-01
   2.0000000e+00   1.3210657e+00  -1.1685616e+00   9.5360238e-01  -1.4989975e-01  -2.3105349e+00  -2.1341335e+00   2.2995073e+00  -1.4607540e+00  -3.6352600e+00   1.7704649e+00
   2.0000000e+00  -3.4012057e-01   9.2929930e-01  -2.1293299e+00   8.9778833e-02  -7.9140598e-01  -2.1784832e+00  -2.6311676e-01  -1.2124642e-01  -3.2493492e-02  -1.7923852e+00
   2.0000000e+00   9.3010265e-01   4.2247460e-01   8.6780097e-01   1.2734064e+00   4.7537987e-01  -1.5108166e-01   9.6474780e-01   7.6670113e-01  -4.3372623e-01   5.0322393e-01
   1.0000000e+00   1.5339443e-01  -1.9871779e+00   4.7059550e-01  -2.1112078e-01   7.9434250e-01   1.0702189e-01  -9.0237001e-03  -7.6316601e-01   1.0467995e+00  -4.4180167e-01
   2.0000000e+00   1.3634543e+00  -8.3535050e-01  -6.3794024e-01  -2.2581096e-01   1.2007303e+00  -2.1376689e+00   3.9877374e-01  -4.7752991e-01  -1.4745711e+00   9.9671696e-02
   2.0000000e+00   1.5275752e+00  -1.1679229e+00  -6.6414401e-01   1.2074745e+00  -9.4775909e-02  -2.2299572e+00   1.6702187e-01   1.5009017e+00  -1.1616650e+00  -1.0524105e+00
   2.0000000e+00   5.4151119e-02   5.7933941e-01   5.1641706e-01   2.1057281e-01  -1.8001853e-01   1.4489127e+00  -1.5170854e+00   9.9493323e-01  -1.0754262e+00   1.3350725e-01
   2.0000000e+00  -6.4577750e-01   1.4026324e+00   1.9786663e+00  -1.2674032e+00  -4.0825405e-01  -7.5306374e-01   3.0697009e-01   2.3961068e-01  -6.5920399e-01   1.8330286e+00
   1.0000000e+00  -1.4076157e+00  -2.6047312e+00  -2.2463756e-01  -4.9522466e-01   5.4319245e-01   4.4775567e-01   5.2921033e-01   4.6129591e-01   5.3051710e-01   2.1399159e-01
   2.0000000e+00   6.5877522e-01   2.5086796e-01   1.9490988e+00   3.0902171e+00   1.0626830e+00   1.7413929e+00   6.6589737e-01   1.5844584e+00   6.9870738e-01   1.5813257e+00
   2.0000000e+00   5.0186893e-01   1.5191991e+00   1.2548230e+00   1.1482516e+00  -4.9119537e-01  -4.9210172e-01   9.9697925e-01  -3.3280509e-01   1.1361956e+00   1.7037129e-01
   2.0000000e+00   3.0851899e-01  -1.8225450e-01  -1.0010554e+00   2.0655681e+00  -4.9066953e-01  -5.0892415e-01  -7.1740340e-01  -2.1546141e-01   9.0577116e-01   5.2898138e-01
   2.0000000e+00   4.4010588e-02   8.9372136e-01  -1.9437056e+00   1.2722287e-01   4.6938966e-01   6.7701762e-01   2.1875747e-01  -3.8418145e-01  -6.6089578e-01   1.4809128e+00
   1.0000000e+00   3.9418549e-01  -1.9409187e-01   3.4551665e-03   1.1697302e+00  -1.4940054e-01   1.9214670e-01  -5.3309092e-02   9.2139031e-02  -2.4771902e+00  -1.1897342e+00
   2.0000000e+00  -4.3136521e-01   4.8582664e-01  -1.1474319e+00  -6.4673305e-01   2.0397456e+00  -6.9102344e-01  -1.0749670e+00   8.9188212e-01  -5.8382128e-01  -9.7392159e-01
   2.0000000e+00   1.6678664e+00  -1.4057675e+00  -2.4989660e-01   2.0391922e-01  -7.3904995e-01   1.7431769e+00  -9.8836406e-01  -2.3260833e+00   1.3126328e-01   7.9096713e-01
   2.0000000e+00  -1.3494940e+00   2.1282195e-01  -1.1682057e+00   8.4736766e-01   1.2464255e+00  -8.1486697e-01  -1.3496471e+00   2.2145409e+00   1.8151326e+00  -9.1690582e-01
   2.0000000e+00   2.7544530e-01   6.2323105e-01   2.6378000e+00   1.7912780e+00  -9.1088616e-02   1.4401715e+00   1.9064596e+00  -3.3443748e-01   4.1590853e-01   1.4186435e-01
   2.0000000e+00   4.0355269e-01  -9.4885575e-01  -1.5413980e+00   1.4481725e+00  -4.2632573e-01   7.4414596e-01   3.0785845e-01   1.5924660e+00  -1.0839054e-01  -1.2250899e+00
   2.0000000e+00  -4.7882451e-01   7.9302842e-01  -7.3322523e-01  -2.0695799e+00   2.0014681e+00  -5.7134452e-01   1.4906102e+00  -1.0777302e+00   9.1627096e-01  -9.8804892e-01
   2.0000000e+00  -3.5800080e-01   3.9843534e-01  -1.4531700e+00   1.7731917e+00   1.5774206e+00  -5.0509894e-01  -1.1263466e-01   7.6257010e-03  -2.3818299e-01   1.5964869e+00
   2.0000000e+00  -4.2914452e-01   8.2128933e-01   9.9419922e-01   7.9319452e-01  -1.3643133e+00  -1.4173603e+00   4.4003511e-01   6.1385910e-01  -6.6697149e-01   3.2212331e-01
   2.0000000e+00   4.2706361e-01  -2.1570022e+00  -1.7397197e+00   1.9799174e+00  -1.1862877e-01   7.9401009e-01   6.4267002e-01   3.4938857e-01   1.3269112e+00  -1.1214016e+00
   1.0000000e+00   1.9868221e+00   1.4875847e-01   6.5381153e-01  -1.1157061e+00   1.9282268e-01   4.9383803e-02   8.1100978e-01  -2.0843790e-02   8.1306285e-01   3.0171067e-01
   2.0000000e+00  -1.8869722e+00   1.0739227e+00   1.4781876e-01  -6.9762174e-02   5.4287225e-01  -2.6979190e-01  -9.9062738e-01   5.5744687e-01  -5.2618632e-01   1.8461748e-02
   1.0000000e+00  -7.5027766e-01   7.5745088e-01  -9.6484984e-01  -1.2290434e+00  -1.2163797e+00   2.3648102e-01   2.5585350e-01  -1.7129201e-01  -3.1889467e+00   3.4950168e-01
   2.0000000e+00  -1.2943532e+00   1.1301606e+00  -4.7218977e-02  -2.6409415e-02   5.8625693e-01  -1.5146167e-01  -1.3027839e+00  -1.1313264e+00   6.9622561e-01   8.1008613e-01
   2.0000000e+00  -1.3395694e+00  -4.4938930e-01   1.0760143e+00  -3.3087086e-02   8.3000770e-01   1.3916107e-01  -7.4674852e-01  -5.8378768e-01  -3.9640045e-01   5.8574232e-01
   2.0000000e+00   3.6814931e-01   1.2769033e-01  -9.2748832e-01  -1.1440638e+00  -4.8410242e-01  -1.8819449e+00   8.4864730e-01  -5.9530419e-01  -1.3812093e-01  -8.4006654e-01
   1.0000000e+00  -7.9414467e-02  -1.6659665e-01   3.2593455e-01   6.1186024e-01   6.1025395e-01   4.9600324e-01   1.3910101e+00  -1.1277455e+00  -1.1237124e-01  -8.8876071e-01
   1.0000000e+00   1.0640622e+00   4.8054002e-01  -1.1514472e-01  -8.5385090e-01  -2.1421632e+00   1.7892393e-01   1.3269580e-01  -9.2318053e-01  -1.6913383e-01  -1.4052212e+00
   2.0000000e+00  -1.2811435e+00   1.4876254e+00  -6.3309955e-01  -1.9902436e+00  -2.9016007e-01   1.0287296e+00   4.9265437e-01   1.2030092e+00   4.3247315e-01   6.9573298e-01
   2.0000000e+00   5.5096888e-02  -2.2180535e+00  -1.8176376e+00  -1.4125379e+00   1.2175979e-01   5.9072210e-02   7.0253751e-01  -3.2801099e-01  -3.2794402e-01  -3.2895021e-01
   2.0000000e+00   1.2853404e+00  -5.8421764e-01  -1.4368824e+00  -1.0884197e+00  -1.5823526e-02  -3.1101987e-01  -5.6922191e-01  -1.2254131e+00  -2.2470117e-01   1.7323251e+00
   2.0000000e+00   5.6872334e-01   7.6604471e-01  -8.6300696e-01  -1.5915160e+00  -2.5145394e-01  -7.4807922e-01   2.7854517e-01   9.7981212e-01   3.7924885e-01  -1.4937722e+00
   1.0000000e+00  -1.2250000e+00   9.1038595e-02  -5.8527859e-01   3.6101358e-01   6.1908194e-01   2.0464131e-01   2.5683392e-01   3.2001955e-01   5.3795261e-01   1.0543557e+00
   2.0000000e+00  -1.2991859e+00  -9.2094728e-01  -1.7362209e+00   9.2062083e-01  -4.7770307e-01   2.7498757e-01  -5.1436908e-02  -2.2889326e-01  -2.0366325e+00   9.9603724e-01
   2.0000000e+00  -1.9671142e+00  -2.6057392e-01  -6.2775768e-01   7.7132888e-01   6.3605334e-01   1.6998470e+00  -5.3226906e-01  -1.8967510e+00   1.5924251e-01  -6.4775386e-01
   2.0000000e+00  -1.0139310e+00   3.6868868e-01  -1.5508153e-01   1.8976975e+00  -1.7200132e+00   1.6155576e+00   4.4306559e-01  -4.4194684e-02   3.9463547e-01  -1.1689588e+00
   2.0000000e+00  -2.6656864e+00  -9.6368208e-01  -1.9203455e-01   9.0282305e-01   9.3295965e-01  -5.8548963e-01   8.2517446e-01   1.5168153e-02   2.8557586e-03  -1.2042910e+00
   2.0000000e+00  -1.0537023e+00  -8.2437686e-01  -8.0201442e-01  -1.1987581e+00  -4.4841768e-01  -1.2737799e+00   7.9854677e-01  -2.9249126e-01  -1.4332777e+00   6.8342975e-01
   2.0000000e+00   6.1852809e-01   1.8528816e+00  -2.2437206e-01  -1.4383831e+00   2.3279160e-02   1.0697755e+00   3.8518010e-01   1.7687998e+00  -9.2602363e-01   9.5127822e-01
   2.0000000e+00   1.0323924e+00  -5.9952591e-01  -9.8414040e-01  -1.3946997e+00   6.5167356e-01   4.1989510e-01   9.7340653e-01   1.5915733e+00  -3.4160361e-01  -1.6146073e+00
   2.0000000e+00   3.8952224e-01  -2.9061950e-01   4.8707290e-01   1.0635317e+00   1.6464093e+00   9.8070086e-01   4.0228717e-01  -4.1476738e-01  -1.9603801e+00   1.8920502e-01
   1.0000000e+00  -5.9195187e-02  -3.4387963e-01   6.6757549e-01   4.8666496e-01   3.2130328e-01   6.8232733e-01   2.7117751e-01  -3.2512308e-01  -5.3033842e-01   3.2601811e-01
   2.0000000e+00   2.8197303e-01   1.2570709e+00   9.8343732e-01  -6.6110571e-01   5.1747694e-01   1.4170154e+00  -1.6801338e+00  -1.9431393e-01  -1.2044914e+00  -1.0238225e+00
   2.0000000e+00  -1.5974958e+00  -3.6938774e-01   1.1453113e+00   1.0842330e+00   1.3260226e+00  -1.6343408e-01   1.2470142e+00   8.4302911e-01  -9.5698822e-02   1.3890027e-01
   2.0000000e+00   1.4903294e+00   1.9930886e+00   3.5324537e-01  -4.0381183e-01  -1.2192265e+00  -6.3810379e-01  -9.7145025e-01  -9.5952248e-01  -2.5121702e-01  -1.3939051e+00
   2.0000000e+00   1.4284086e-01  -4.7205861e-01  -3.7298166e-01   3.7425817e-01   2.1275328e-01  -1.0574566e-01   3.9678633e-01  -6.4642519e-01  -5.2134551e-01   1.0316791e+00
   1.0000000e+00   9.7147541e-01   1.4610209e+00  -5.0493370e-01   1.0248475e+00   1.1260043e+00   4.4927857e-01   1.7276144e+00  -1.2286427e+00   8.3648675e-01   4.3562110e-02
   2.0000000e+00   6.2114035e-01  -6.5486714e-01  -6.1839576e-02   8.2984109e-01  -1.6550919e+00   1.5310225e+00  -1.2649985e+00  -1.2698963e-01  -2.5679558e-01  -8.5874289e-01
   1.0000000e+00   7.3914266e-02   7.2352483e-01  -8.0530725e-01  -7.4231574e-01   1.0027188e+00   5.1445058e-01   1.9950443e-01   7.1576424e-01  -3.2516292e-01  -7.8889171e-01
   2.0000000e+00  -8.6795038e-01  -2.9301079e-01   8.0062732e-01  -4.3409460e-01   1.3910115e+00  -1.3226287e-01   6.1133826e-01  -6.7804483e-02  -3.1938027e+00  -6.4002101e-01
   1.0000000e+00  -5.1618843e-01  -1.1828123e+00   7.1660343e-01   2.1193177e-01  -6.0077515e-01   2.4294831e-01   1.1439078e-01   1.1416838e-01   8.6352358e-01   6.7849760e-01
   2.0000000e+00  -3.7879706e-01  -6.8235703e-01  -1.0128098e+00   1.0341643e+00   1.8958960e+00  -1.0200711e+00   1.3731694e+00   1.7557726e+00  -4.1245959e-01  -5.0318762e-01
   2.0000000e+00  -1.0811100e+00   1.0935410e+00  -5.6049674e-01   7.2512666e-01   3.5386531e-01   1.8486797e+00  -5.7327783e-01  -8.4038146e-01  -5.6174638e-01  -9.2495153e-02
   2.0000000e+00  -9.3126971e-02   1.0515157e-01  -3.9621209e-01  -6.7194619e-01   1.3991681e+00  -2.7334698e-01   1.3951407e+00  -6.3846737e-01  -9.9093287e-01  -1.2943525e+00
   2.0000000e+00   5.3230343e-01  -1.5064449e+00   6.5665352e-01   7.3635714e-01   9.0567889e-01   1.5303553e+00   5.6718557e-02   8.2395553e-01  -4.2594530e-01  -1.3850348e+00
   2.0000000e+00  -6.8708172e-01  -9.8549145e-01   1.1570402e+00   2.7814302e-01  -3.6743065e-01   5.8905996e-02  -1.6235466e+00  -1.2415489e-01  -1.8859955e+00  -1.4861055e+00
   1.0000000e+00   3.6204782e-01   9.2044900e-01   7.4896240e-01   4.5645484e-01  -7.5812966e-01   2.5558754e-01   4.8412852e-01   5.4850457e-01   1.6237808e+00  -5.3006403e-01
   2.0000000e+00  -6.5080436e-01  -2.3941961e-01  -7.3412301e-01  -8.5887343e-01  -3.0049475e+00  -1.4433325e+00   4.5237189e-01  -1.0192847e-01   2.0218018e+00  -1.3679598e+00
   2.0000000e+00   1.7301355e+00   1.3008129e+00  -2.0084184e+00  -1.1324601e+00  -2.1420470e-01   2.1272414e-01  -1.5358142e+00   1.2501107e-01   1.3235137e+00   1.7635842e+00
   2.0000000e+00  -4.6561254e-01  -3.7694397e-01  -3.4843078e-02  -7.8634113e-01   7.6668428e-01  -9.9477929e-01   6.2404391e-01  -8.8532210e-01   4.4198241e-02  -7.5781079e-01
   2.0000000e+00   1.3757385e+00  -1.0650782e+00   1.9178577e-01   1.8056742e-01  -1.5769527e-01  -1.7231695e-01   2.2676646e-01   8.1400995e-01  -2.0988324e-01  -1.3821362e+00
   2.0000000e+00   4.0203362e-02   3.4206012e-01  -1.1584748e+00  -8.2025895e-02  -9.5086863e-01   6.1857326e-01  -6.7156213e-01  -7.7431445e-01  -1.7787099e-01  -1.0350886e-01
   2.0000000e+00   4.2971119e-01   8.4947308e-01   1.3606833e+00   2.2300884e-01   1.2039368e+00   1.2395611e+00  -2.1533755e+00   1.0741340e+00  -5.0571085e-01   1.7914275e-01
   2.0000000e+00   6.7324105e-01  -1.2401737e-01   1.3826560e+00  -1.4030754e+00   7.5232719e-01  -3.0531005e-01  -7.8195865e-02   1.3242343e+00  -3.1088368e-01  -2.0929234e-01
   2.0000000e+00   1.1311221e+00  -1.1858531e+00  -1.0932461e-01   4.8346058e-01   2.3384922e-01  -9.0992409e-01   4.2467770e-01   5.1817947e-02   3.8756197e-01   3.2537897e-01
   2.0000000e+00   9.8001001e-01   3.1519546e-01   1.0245286e+00  -9.4152908e-01   4.8992258e-02  -9.7068122e-01   1.1763290e+00   1.9981785e+00   6.3933137e-02  -4.8040366e-01
   2.0000000e+00  -1.0149191e+00  -1.2464795e+00  -5.2529301e-01  -4.8535518e-01   4.2226567e-01  -1.3652086e+00   1.2630676e-01  -2.4289682e+00  -2.2078306e+00  -5.3360229e-01
   2.0000000e+00  -1.2217321e+00  -1.8610842e-03  -3.6474218e-01  -8.5821524e-01   1.0852940e+00  -7.1258709e-01   8.8603607e-02   2.6492764e-01   1.2887768e+00  -1.7176467e-01
   2.0000000e+00  -2.9195186e-01   1.1654570e+00  -2.2056424e-02   2.2762735e-02   6.2810024e-01  -4.4451196e-01   9.9945330e-01  -1.7783819e-01   1.2217741e-01  -1.1409444e+00
   2.0000000e+00  -6.5772398e-01   1.2614992e-01  -8.8853041e-01   7.4005973e-01   1.9748720e+00  -1.1418451e+00  -2.9497183e-01  -2.1874571e-01   2.3206751e+00   1.1625777e+00
   2.0000000e+00  -1.1061953e+00   2.0283512e-01   9.2647611e-01  -7.3606532e-01  -1.8536922e-01   1.2309257e+00  -4.1737173e-01   7.6126499e-02  -1.1457497e+00   4.6065346e-02
   2.0000000e+00   2.5453344e-01  -1.5096092e+00   6.0254567e-01   2.5035239e-01  -7.4015654e-01   1.3772692e+00  -1.5139387e+00  -7.1158513e-01  -5.1551173e-01  -2.4310975e+00
   2.0000000e+00  -7.4868555e-01   4.4787965e-01  -1.4018122e+00  -9.2698961e-02  -2.1239646e-01   3.5787843e-02   1.7705862e+00   5.0337936e-01  -1.0166460e+00  -1.0953997e+00
   2.0000000e+00  -1.2258390e-01   1.0506201e+00   4.2382467e-01   3.5149601e-01   2.3446064e+00  -1.5463933e+00   1.9075913e+00  -2.0078981e+00   8.1082167e-02   1.2320748e+00
   2.0000000e+00   1.7390404e+00  -2.6865168e-01  -8.4487388e-01  -4.8523739e-01   4.9230257e-01  -1.8698470e-02  -1.6386252e+00  -3.1405795e-01   1.7910523e+00   5.5907033e-01
   1.0000000e+00  -6.3115874e-01  -5.3205602e-01   1.7191380e-01   1.9625525e-01   1.8007220e-01   4.5302153e-02   2.8591611e+00   2.4356039e-01   4.6197062e-01   2.2108587e-02
   2.0000000e+00   7.4909744e-01   1.1274973e+00   8.4562591e-01   1.3473628e+00  -9.1715600e-01   8.4527744e-01   5.6848161e-01  -1.5665297e-01  -8.2191198e-01   1.2099834e+00
   2.0000000e+00  -1.5563781e+00   1.1752524e+00   1.8052691e+00   1.0413339e-01  -9.9892174e-02  -1.4186851e+00   1.1142845e+00  -1.7956123e+00  -1.0235239e+00   1.0573079e+00
   2.0000000e+00  -3.4373046e-01   1.4700267e-01  -2.2497851e-01   9.9248997e-01  -1.1585367e+00  -1.5714048e+00  -3.6376032e-01   1.3010191e-01   3.0289767e-01   1.5418287e-01
   1.0000000e+00  -2.9925792e-01   1.4393653e+00  -7.4475827e-01  -8.7794660e-01  -5.2595714e-01   6.2964924e-01   1.6106887e+00   1.2207506e+00  -1.2603727e-01  -5.0753908e-01
   2.0000000e+00  -1.3079808e+00   5.1945433e-02   6.4995544e-01  -3.2175660e-01   4.0630049e-01  -6.3107650e-02  -5.8945162e-01   1.7048582e-01  -1.6476187e+00   3.5241755e-01
   2.0000000e+00  -1.2210818e+00   5.6774639e-01  -5.6861808e-01  -8.6047480e-01   4.5394651e-01   9.6506738e-01   7.5024763e-01   3.0117779e-01  -4.6994862e-01  -8.1002464e-03
   2.0000000e+00   7.0224021e-01  -7.6986502e-01   3.2620871e-01   2.4593343e-02   8.6624724e-01  -6.9663892e-01  -1.7319900e+00  -1.4158915e+00   1.3290513e-01  -1.6786057e+00
   2.0000000e+00   6.2165153e-01  -7.6122071e-01   8.7258842e-01  -3.9545603e-01  -8.9720945e-02  -1.3849585e+00   5.3818170e-01   8.8603197e-01   6.9835964e-01   4.6998317e-01
   2.0000000e+00  -3.3748719e-01  -1.3781736e+00  -1.6577484e+00  -1.4481245e-01   9.4401892e-03   3.6610159e-01   2.1914844e-02  -1.6803142e+00   2.8587072e-01   1.1859096e+00
   2.0000000e+00  -2.2303148e-02  -2.0080575e+00   9.4067258e-01   3.9097578e-01  -5.9869143e-01  -2.5649766e-01   1.7988080e-01  -8.0017478e-01  -1.0989571e+00   8.4435848e-02
   2.0000000e+00   9.0678713e-01  -3.4982127e-01   7.7293593e-01  -1.4765570e+00  -1.1473800e+00   9.4582492e-01   4.5384596e-01  -8.5282183e-01  -5.8451577e-01  -5.3123954e-01
   2.0000000e+00   7.4801651e-01  -1.0075124e+00  -1.6959177e-01  -1.2741989e-01  -5.7944157e-01  -6.4332637e-01  -6.4033124e-01   9.7313822e-02  -7.9699292e-01  -4.1287562e-02
   2.0000000e+00  -1.2058038e-01  -6.3474004e-01  -9.0363322e-02  -6.7075420e-01   9.1737302e-01  -1.4691704e-01  -2.5553735e+00   5.5086940e-01   4.4709399e-02  -9.2184583e-01
   2.0000000e+00  -6.0828249e-01   9.3994266e-02   1.3641457e+00  -9.0139941e-01  -2.2809276e-01  -9.9654252e-02  -1.5887163e-01   6.5729976e-01  -4.8914751e-01   8.1941534e-02
   2.0000000e+00  -1.3192696e+00   4.9619247e-01  -1.3081742e+00  -4.7005511e-02   2.5400770e+00   5.2966625e-01  -2.1583045e+00   1.4441483e+00  -1.3237247e+00   7.6877365e-01
   2.0000000e+00   9.0465926e-03  -9.9961856e-01  -5.5629593e-01  -1.2278502e+00  -1.3344257e+00   1.6586219e+00  -3.2259719e-01   7.1177167e-01   5.2918345e-01  -3.4313346e-01
   2.0000000e+00   2.0023691e+00   9.6576094e-01  -2.4411031e-01  -2.2988352e-01   6.1540737e-01  -6.2187145e-01  -7.1695203e-01  -1.4769518e+00   1.1818613e+00   1.2762740e+00
   2.0000000e+00  -8.4208158e-01  -1.2441602e+00  -6.8316369e-01   1.4711357e-01   1.1239854e-01  -1.3293663e+00  -4.2466957e-02  -4.8753356e-01   6.2892322e-01   1.7171169e+00
   2.0000000e+00   5.6793000e-01   5.4869797e-01  -1.5571700e+00   2.1274399e+00   4.7422247e-01  -7.7302248e-02   1.0207475e+00   2.0926799e+00   6.3052075e-01   1.6549370e+00
   2.0000000e+00  -1.0789277e+00   1.3632133e+00   2.4779339e-01   1.4984190e+00   5.5336268e-01  -2.9920506e-01   1.3804136e+00  -2.9901897e-01  -4.3434018e-01   1.1035916e+00
   2.0000000e+00  -1.7456864e+00   1.0890927e+00   8.4947844e-01   1.9681362e+00   1.4153349e+00   7.2216139e-01  -1.7902168e+00   2.4493196e-01   3.8989019e-01  -1.4145127e+00
   2.0000000e+00   1.5938801e+00   2.4691535e-01   2.2667727e-01  -4.0909951e-01  -8.9854369e-01  -5.3979108e-01  -5.8798869e-02   1.8989276e+00  -8.6145697e-01  -8.2521789e-01
   1.0000000e+00   4.9632412e-01   1.1039115e+00   8.2423706e-01  -1.7491671e+00   9.8100708e-01   3.5277841e-01  -1.4218936e-01  -5.1856097e-01   1.5179680e+00  -1.9415854e-01
   2.0000000e+00  -1.0379473e+00  -1.6601959e+00  -6.1620504e-01   1.7973668e+00  -2.4170630e+00   8.6449605e-01   1.4694637e+00  -1.3355315e+00   7.7648147e-01   1.0751012e+00
   2.0000000e+00   9.1920344e-01  -8.1244682e-01  -8.4509845e-01  -1.9194360e-01   4.5289212e-01   9.0481531e-01  -1.5434173e-01  -4.4862052e-01  -8.4025703e-01   5.8485799e-01
   2.0000000e+00  -8.5780072e-01  -6.3174326e-01   1.0345876e+00   1.2843080e+00   4.3747053e-02  -6.3135093e-01  -1.1183015e-01  -1.4044007e+00  -1.2129100e+00  -1.1091950e+00
   2.0000000e+00  -1.4963531e+00   1.1385270e+00   8.1041812e-01   1.2589879e+00  -2.3794492e-01  -5.1442612e-01   1.2170956e-01   1.4232345e+00  -1.0173215e+00  -8.1745699e-01
   2.0000000e+00  -9.1180007e-01   1.5294572e-02  -7.6640694e-01   6.8958838e-01  -3.6925417e-02  -2.7787879e+00  -4.1309829e-01   4.0455298e-01  -7.0772990e-01   1.5174572e+00
   2.0000000e+00   1.4953205e+00  -2.8672631e-01   3.0539653e-01  -5.1691686e-01   9.1060915e-01  -8.1040085e-01   9.5132392e-01   4.9044339e-01   3.8839336e-02   1.0662683e-01
   2.0000000e+00   5.4587482e-02   1.3022871e-01  -6.4629204e-01  -8.5775404e-01   1.7264898e+00  -1.5885676e-01   1.9095891e+00   3.5834787e+00  -2.7264782e-01  -1.0246019e-01
   2.0000000e+00   3.8277591e-01  -1.3889611e+00  -3.1241105e-01   1.2572799e+00  -9.1895242e-01   1.5364232e+00  -9.9088790e-01   3.7874193e-01  -1.0347875e+00   2.2299899e+00
   2.0000000e+00   1.1185425e+00  -5.7001924e-01  -9.4672836e-01  -7.8669133e-01   6.8817205e-01  -7.7040480e-01   9.8376562e-01  -1.0292880e+00   2.7877881e-01  -3.6385862e-01
   1.0000000e+00  -4.2346679e-01  -1.3450991e+00   1.2149555e-01   8.5516974e-01  -9.1689100e-01   6.1657441e-02   5.5079983e-01   1.6313375e+00   1.7435187e+00   1.2216031e+00
   2.0000000e+00  -5.3557642e-01  -8.7781907e-01   1.0437405e-01   4.8342516e-01   8.4722914e-02  -4.2649248e-01   5.9068246e-01   3.8446015e-01   2.6791697e-02  -1.2895910e-01
   2.0000000e+00  -3.1506086e-01   1.9345069e+00   4.4835495e-01  -3.8833142e-01   2.9866669e+00  -6.7835988e-01   1.5595752e+00  -4.4338110e-01   2.6635528e-01   2.3403895e-01
   2.0000000e+00   1.4709746e+00  -4.4097932e-01  -5.1408312e-01  -9.1429097e-01   2.5161426e-01  -2.4713887e+00   8.9509651e-01   3.6786063e-02   5.0698707e-02  -2.1615381e-01
   2.0000000e+00   1.6974696e+00   2.9997101e-01   1.9594882e-01  -3.1352166e-01  -1.8013619e-02  -2.8604020e-01   9.5724843e-01   1.4722049e-01   6.0160937e-01  -1.3523929e+00
   2.0000000e+00   9.3313879e-01   5.8125655e-01   7.7102371e-01  -1.1744436e+00   2.9101121e-01  -6.3168139e-01   4.5525298e-01   6.2384804e-01  -5.4810377e-01   1.0929878e+00
   2.0000000e+00  -2.4859755e+00   4.3007549e-01   7.4192263e-02   9.5145812e-01   3.9418950e-01   1.5340320e+00   8.3378903e-04  -1.6473871e+00  -4.7115580e-01  -2.4298601e+00
   1.0000000e+00  -1.8461323e+00  -3.8242858e-02   1.7614596e-01  -1.8111803e+00   2.3524355e+00   1.1685432e-01   8.5997603e-02   1.7789233e-01   2.0047863e-01  -9.0860447e-01
   2.0000000e+00   1.0574264e+00  -6.5568330e-01  -1.1704864e+00  -1.4789318e+00  -6.8313265e-02  -9.4584522e-02   1.1701286e+00  -1.6646518e+00   2.0876642e-01  -5.4842860e-01
   2.0000000e+00  -5.5466278e-01  -1.9505565e-02  -1.1784503e+00  -1.8880975e+00   9.6008208e-01   3.5387774e-01   7.0225256e-01   2.0077673e-01  -1.4645653e+00  -3.0749637e-02
   2.0000000e+00   1.0510653e+00  -1.2396983e+00   1.0999104e+00  -5.5504174e-01  -8.9109444e-01   1.7371077e+00  -1.6302992e+00   1.7845889e+00   2.3771446e-01   4.5677007e-01
   2.0000000e+00  -1.0955404e+00   1.1868571e-01  -3.0373079e-01   6.7981948e-01   5.1837407e-01  -7.7861747e-01   2.2548074e+00  -1.7142964e-01   1.8706449e+00  -1.0620244e+00
   2.0000000e+00  -1.5840084e+00  -1.3100626e+00   6.9018006e-01  -1.1150660e+00  -6.2558656e-01  -9.9027320e-02   8.0368501e-01   1.1915641e+00   7.7317927e-01   9.4871843e-01
   2.0000000e+00   8.3805563e-01  -1.4264413e+00  -4.8170771e-01   4.9491971e-02   7.1420900e-01   1.8345048e+00   1.6660432e+00   6.7188227e-01   1.3594169e-01  -3.8503700e-01
   1.0000000e+00   4.4761614e-01   8.3849925e-01  -5.8845774e-01   4.1956508e-01   8.4461928e-01   9.4084127e-02   4.0671107e-01   8.8136523e-01   9.1684805e-01  -1.7365045e+00
   2.0000000e+00  -4.0792018e-01  -1.8189602e+00   2.4870920e+00  -4.0052979e-01   1.2015238e+00   1.3669198e+00  -4.8427560e-01   2.9280033e-01   1.4216164e+00   4.8980965e-01
   2.0000000e+00   4.7642687e-01  -2.2970703e-01   7.7797461e-01  -3.3073848e-01   4.9824405e-01   1.0954545e+00   6.4047986e-02   3.8159781e-01  -1.1227163e+00  -2.2301246e-01
   2.0000000e+00  -1.9040371e+00   9.9817418e-01  -3.8029956e-01  -1.8924387e+00   1.0917507e+00   8.3034003e-01   8.8392399e-01  -1.7096337e+00  -1.7659874e+00  -9.8417036e-01
   1.0000000e+00   1.0077245e+00  -2.4354260e+00   4.5414992e-01  -4.4546630e-01   9.2363790e-01   3.9331320e-01  -1.1536054e+00  -8.4689904e-01   8.9972424e-01   2.9509624e-01
   2.0000000e+00  -4.9503450e-01   5.9713566e-01  -1.2969802e+00   1.0464987e+00  -2.3176707e-01   4.1010846e-01   2.5801874e+00   1.2306605e-01  -3.9883500e-01  -1.5157676e+00
   2.0000000e+00   1.1767634e+00  -3.2606455e-01  -2.9932313e-01  -1.4615232e-01   1.2231691e+00  -6.1642299e-01  -1.5790427e-01  -1.9406018e+00  -8.8237176e-01   9.1908480e-01
   2.0000000e+00  -8.9014230e-01  -1.5406762e+00   2.6532508e-01  -9.3057914e-01   1.7600387e+00  -1.8574806e-01  -6.8688516e-01   1.1954791e+00   6.0896761e-01   1.5895736e-01
   2.0000000e+00   8.2147665e-01  -1.1867956e+00  -4.4154695e-01  -2.7037649e-01  -3.7665883e-01  -7.3015875e-01   1.1922221e-01  -6.6843007e-01   2.3223036e-01   9.0106979e-02
   2.0000000e+00   1.5374413e-01   4.3584723e-01   1.2085413e+00   8.9501813e-01  -6.8557839e-01  -2.3079492e-01  -7.7280202e-01  -2.5704422e+00  -1.5692351e+00   6.8116690e-01
   2.0000000e+00  -1.3387000e+00   9.9676444e-01   8.8574804e-01  -4.5981475e-01   1.5606376e-01   1.4945941e+00   3.7366878e-01  -1.9631206e-01  -4.0541585e-01  -1.2226321e+00
   1.0000000e+00  -1.6022753e+00   1.0365447e+00   7.6008737e-02  -1.0962286e+00  -1.5979344e+00   9.6465117e-01   1.3825409e+00  -1.3489236e+00   1.1906419e-01   1.7483148e-01
   2.0000000e+00   5.2734615e-01   1.0984594e+00  -9.6518110e-01   1.2209459e+00   1.8294618e-03   9.4897290e-01  -7.0024456e-01  -2.7804918e-01  -3.8777224e-02  -1.1610319e-01
   2.0000000e+00  -3.6222023e-01  -2.3858864e-01   2.8059193e-01  -6.2631240e-01  -1.2180852e+00  -1.5512081e-01   2.8221239e-01  -1.1261515e+00  -4.8388730e-02   1.4385120e+00
   1.0000000e+00   8.2838070e-01   1.4200697e+00   4.9412664e-01   7.0094616e-01   3.6950822e-01   2.1835232e-01   1.1030126e+00  -3.1161552e-01   2.0857108e-01  -7.6472456e-01
   1.0000000e+00  -9.8723087e-01  -8.6173764e-01  -4.3715128e-01   7.8416662e-02   1.6573003e+00   3.9175006e-01  -2.2369787e-01   7.9235672e-01  -4.9582749e-01   2.2196202e+00
   2.0000000e+00   4.0565179e-01   6.2946966e-01  -1.5446446e-01   5.3659055e-01   7.5276730e-02  -1.0364602e+00  -2.6693299e+00  -9.2486372e-01   5.5440358e-01   1.5000474e+00
   2.0000000e+00   5.4934728e-01  -1.2559882e-01   8.8842014e-02  -9.0976896e-01  -3.6735160e-01  -3.8906125e-01   1.3801884e+00  -9.5995128e-01  -6.7125827e-01   1.2505790e-01
   1.0000000e+00  -8.7120134e-01  -2.4170624e+00   5.6709564e-01   9.8300830e-01  -3.3060874e-01   7.2448720e-01   9.6080532e-01   5.7671124e-01  -4.3662066e-01   7.6831374e-01
   1.0000000e+00   9.0586644e-01  -5.4735245e-01  -7.1292740e-01   1.0370501e+00  -6.8111907e-01   5.0946688e-01   1.7519154e-01   4.2955571e-01   2.7272728e-01  -1.8178936e+00
   2.0000000e+00   1.8418919e-01  -1.0276326e+00  -1.1099740e+00  -9.4650749e-01  -8.9333249e-01   1.0093108e+00   8.2144887e-01   2.7800371e-01  -5.3094731e-02   1.3490927e+00
   1.0000000e+00  -1.0849515e-01  -3.7459880e-01   5.7660194e-01  -6.3976071e-01  -5.8576020e-01   2.1052084e-01  -1.1538829e+00  -1.0504372e+00  -5.8670302e-01   1.2254969e+00
   2.0000000e+00  -6.3158751e-01  -8.4123353e-01   2.1367699e+00  -9.4947042e-01   1.7475108e+00  -6.8439815e-01  -9.8122158e-02   2.9353530e-01   3.8464962e-01   4.3500865e-01
   1.0000000e+00   3.5907874e-01  -8.8146449e-02   5.7926257e-02   2.9364572e-01  -2.0038698e+00   4.3904411e-01   3.1452718e-01  -8.3540800e-01  -1.2950612e+00   1.6992305e+00
   2.0000000e+00  -4.2735961e-02  -7.8808629e-01   3.4803455e-01  -4.9136385e-01   4.1190084e-01  -8.9981111e-01   5.0747096e-01  -7.2039133e-01   6.8677548e-01  -1.1624417e+00
   2.0000000e+00   4.2537459e-01   1.0344814e+00   3.7824879e-01  -3.3448649e-01  -1.1042600e-01  -1.4771017e+00   3.6446927e-01   7.2415176e-01  -9.3535956e-02  -2.1000614e-01
   2.0000000e+00  -1.2353097e-01  -6.5274820e-01   1.5032257e+00   3.0219282e-01   1.7950028e+00  -4.7083460e-01   5.4404993e-01  -1.3782056e+00  -1.1108668e+00  -5.2621038e-01
   2.0000000e+00  -1.7514604e+00  -8.6107189e-01   1.9585405e+00   2.3179628e-01   1.3391532e+00  -1.1200424e+00   7.2673169e-01   4.1275471e-01   2.3363456e-01  -8.1586485e-01
   2.0000000e+00  -1.0287367e+00   1.3852644e+00   1.0733217e+00  -9.4786554e-01   9.5313325e-01   8.0670990e-01   3.4041811e-01  -2.2483456e-01   5.5483791e-01  -1.3015437e+00
   2.0000000e+00   6.7926470e-01  -5.9000123e-01   2.8874086e+00  -6.4902126e-01  -1.7291077e-01  -7.8477612e-01   1.5446223e+00   6.4805583e-01   2.4387970e-01   8.8360172e-01
   2.0000000e+00   1.5791191e-01   6.6510110e-01  -7.4891720e-01   7.2009555e-01   6.9837156e-01  -7.1561585e-01   1.3275479e+00  -1.5322682e+00  -1.2038034e-01  -2.2705286e+00
   2.0000000e+00  -1.1556750e+00   1.1189186e+00  -3.5895662e-01   1.0109431e+00   5.7506274e-01  -4.7316469e-01   2.9803970e-01  -4.7383026e-01  -1.2509647e-01  -1.6461331e+00
   2.0000000e+00  -3.3731172e-01  -4.0513503e-02   2.1371761e+00  -7.0938807e-01  -7.6341245e-01  -1.0150445e+00  -5.1992517e-01  -3.7632365e-01  -5.7335578e-01   4.1064638e-01
   2.0000000e+00   3.7980606e-01  -1.8774751e+00   1.8370575e+00   3.3636229e-01  -1.3606322e-02   7.8364269e-01   1.3276682e+00   3.6542637e-01   4.7420632e-01   4.3834815e-01
   2.0000000e+00  -1.0244460e+00  -5.0900661e-02  -7.0418502e-01   1.6265571e-01  -1.7453179e-01  -8.2922337e-01   5.8361411e-01   2.4252332e+00   1.3567686e+00  -3.5424429e-04
   1.0000000e+00   4.6487123e-01   7.6585207e-01  -7.8583161e-01  -1.5989057e+00   6.5018836e-01   3.6214381e-01   1.3607861e-01  -3.4397347e-01  -7.1405110e-02   7.5726691e-02
   2.0000000e+00  -2.7182488e-01  -8.5864841e-01  -4.8605801e-02  -1.2468867e+00  -3.1590173e+00  -9.2531179e-01   3.6097299e-02   4.7962186e-01   1.7627375e+00  -1.1252335e+00
   2.0000000e+00  -1.8203091e-01   3.7522840e-01   5.6123246e-01  -1.2247641e+00   1.1106697e+00  -1.8803409e+00   1.7050303e-01  -9.4654882e-02  -6.0804348e-01  -1.0709147e-01
   2.0000000e+00  -5.9328945e-01  -2.1832033e-01   5.2546418e-01   2.2727821e-01  -9.4149158e-01  -1.8020369e-02   1.8403926e+00   6.4442052e-01  -1.7218153e-04   1.8239156e-01
   2.0000000e+00   6.5137921e-02   7.7495881e-01   4.0551107e-01  -1.0215045e+00  -6.4289111e-01  -1.2604861e+00  -1.6332083e+00   5.9475055e-01  -8.1387300e-01   7.1691879e-01
   2.0000000e+00   1.3413821e+00  -1.8984545e-01  -7.7807471e-01   6.8889429e-01  -8.4417770e-01  -5.1528816e-02   2.8841370e-02  -1.3222323e+00  -1.5926281e+00   3.7377555e-01
   1.0000000e+00   7.0524717e-01  -8.4185974e-01   6.7095993e-02   7.6521083e-01  -3.5256477e-02   4.7607744e-01  -2.0245931e+00   8.0831140e-01  -1.1743858e+00   1.4757160e+00
   2.0000000e+00  -9.5443053e-01   2.8019276e-01  -6.2377888e-01   1.5735526e-01   1.7574803e-01  -5.7163875e-01   8.2248227e-02  -2.2878842e-01   1.0540872e+00   7.7178104e-01
   2.0000000e+00  -9.0921996e-01  -1.7351752e-01   1.2643024e+00  -1.6197324e+00   2.7701496e-01  -1.4069553e+00   5.1606101e-01  -6.5360079e-01  -5.5140465e-01  -5.9712731e-02
   2.0000000e+00  -1.7133393e+00  -4.9443134e-02  -3.1552352e-01  -1.6353879e+00  -8.6781934e-01  -1.0253347e-01   9.0599076e-02   3.4500332e+00   7.6056519e-02   9.9078027e-01
   2.0000000e+00  -4.0781841e-03   5.5253720e-01  -5.2065532e-01  -1.6750796e+00  -8.1362489e-01   2.1332960e+00  -1.0321636e+00   5.7098939e-01  -1.5491646e+00   1.2233668e+00
   2.0000000e+00   4.7233640e-03  -2.3591249e-01  -1.0903226e+00   4.1891660e-01   2.6615581e-01   4.3669646e-01  -2.9516426e-01  -1.2402357e+00   6.5557477e-02   3.1180073e-01
   1.0000000e+00  -4.8458349e-01  -2.0820928e+00  -3.9177347e-01   1.1143186e+00   6.0202027e-01   8.6818309e-01  -2.2822265e+00  -1.0475095e+00   1.6689121e+00  -2.6117493e-01
   2.0000000e+00   6.3417964e-01   7.0561881e-01   3.0302846e-01   4.3705198e-01  -8.5165931e-01  -5.7182186e-01   1.3021073e+00  -6.2074352e-01   1.2438944e+00  -1.3603059e+00
   1.0000000e+00   5.2173241e-01  -7.3737142e-01  -8.1109685e-01   1.9855214e+00   4.5959363e-02   3.5362301e-01   5.4173826e-01  -1.4111403e+00  -4.0709075e-01   2.7135046e+00
   2.0000000e+00  -2.9090498e-01   2.7131160e-01  -7.4371232e-01   1.8723572e-01  -1.3540009e+00  -7.0377431e-02   2.5746959e-01   1.2058002e+00   8.9605761e-01   1.2743995e+00
   2.0000000e+00  -2.8221117e-01   1.8206741e+00   2.0537231e+00  -4.3255725e-01  -2.8361064e-01  -1.0962580e+00  -9.5817231e-02  -4.2823544e-01   8.8365651e-02   1.0652183e+00
   2.0000000e+00  -4.1060140e-02   1.3487458e+00   8.3161319e-02  -1.0634615e+00   6.3768488e-01  -3.9302166e-02   1.3338662e+00  -1.7114261e+00   1.1959365e+00   8.7785194e-02
   2.0000000e+00  -4.9945866e-01  -2.5875420e-01  -1.5262814e+00   4.4527094e-01  -1.0473505e-02   1.8982030e-01   6.6480763e-01   3.0162400e-01   1.6843174e-01   2.4047271e+00
   2.0000000e+00  -1.3402888e+00  -3.6915909e-01   3.7932111e-01  -4.5460615e-01  -5.0441838e-01  -8.3442316e-01   3.3207021e-02  -8.5321333e-01   4.8561051e-01   1.2169029e+00
   2.0000000e+00  -9.9331543e-01   3.6300275e-01   8.2684602e-01   2.0104330e-02   7.3793028e-01  -7.8646973e-01   7.4949312e-02   2.3247434e-01  -6.1767367e-01  -4.4497910e-01
   2.0000000e+00  -9.5120068e-02  -6.9062155e-01  -1.0022220e+00   2.3323782e+00   7.7528157e-02  -1.2253849e+00  -1.0908214e+00  -3.9302530e-01  -5.3272262e-01   1.5954411e+00
   2.0000000e+00  -3.5701080e+00   4.5005558e-01   1.3598015e+00   2.3061694e-01  -1.1175635e+00  -1.6020291e-01  -1.3259374e+00   5.5765129e-01  -7.7974295e-03  -8.0327034e-01
   2.0000000e+00  -1.2745768e-01   5.4092914e-01   8.8028334e-01   1.7281353e+00  -3.9746553e-01   1.2542061e+00   5.8406257e-01  -8.5365556e-02  -5.9573005e-01   1.8747709e+00
   2.0000000e+00   4.8230336e-01   8.5936076e-01   8.0668438e-01   1.4938878e+00   4.0638057e-02  -8.2196124e-01  -1.0621361e+00   6.2423838e-01   8.4033541e-01  -6.9974552e-01
   2.0000000e+00  -7.1708018e-02  -8.3499453e-01  -1.7191936e+00   1.5236664e+00   1.6712389e-01  -3.6947937e-01  -3.8606138e-01   1.7748235e+00   7.9320388e-02  -1.5993081e-01
   1.0000000e+00  -1.0058683e+00   1.7055302e+00   1.6193188e-01  -2.9045536e-01  -1.4876862e+00   6.3554786e-01  -1.9750879e+00  -1.2111249e+00   1.2667200e+00   3.2570403e-01
   2.0000000e+00  -1.6989647e+00  -8.6565272e-01  -7.0781875e-01  -9.3065837e-01   4.8456289e-01   7.4359765e-01   1.4594337e+00   5.9851181e-03   1.8758947e+00   7.8043875e-01
   2.0000000e+00   1.3011459e+00   6.7273320e-01  -8.7232165e-02  -8.4821797e-01  -2.6051331e-01  -1.7731061e-01   2.0140061e-01   3.4099775e-03  -1.0619643e+00   2.7343358e-01
   2.0000000e+00   1.0228769e+00  -7.4894945e-01   7.5850390e-02  -5.7387130e-01   7.3831779e-01  -1.0922887e+00  -7.7886711e-01   2.2015666e-01   1.4458751e+00  -5.0938475e-01
   1.0000000e+00  -1.5706109e+00   8.9128721e-02  -2.1014079e-01  -1.1880345e+00   1.3570063e+00   8.6840189e-01   6.7681282e-01   2.2909597e-01   5.0589713e-01   2.7659771e-01
   1.0000000e+00  -3.1545906e-01   1.2772398e+00   2.2743694e-02   1.2579622e+00  -9.8762847e-02   1.7952106e-01  -8.2471350e-03  -9.0198548e-01  -1.3488387e+00   4.6185406e-01
   2.0000000e+00   9.3969675e-01  -1.4453027e+00  -1.1059822e+00  -5.8123074e-01   1.2566033e+00   6.8765131e-02  -6.5749378e-01  -2.2350002e+00  -1.0084842e-01  -9.2627557e-01
   1.0000000e+00   8.7306468e-01   1.7966507e+00  -3.4890902e-02   3.6218563e-01   1.8342116e-01   2.8661245e-01  -7.0955802e-01  -1.4510407e+00   1.1005295e+00  -1.5375351e-01
   2.0000000e+00   1.3642757e+00  -3.9285663e-01  -1.9256473e-01   8.6806122e-01  -2.5235538e-01  -6.5574056e-01  -9.2679374e-01   4.4976072e-01   4.7277579e-01  -6.5365754e-01
   1.0000000e+00  -1.1508160e+00  -4.5750845e-01   1.2913044e-01   7.8579433e-01  -3.2556599e-02   6.9403151e-01  -7.2748716e-01  -1.0326180e+00   1.3806021e+00   9.6673703e-02
   1.0000000e+00  -1.2825713e+00   4.1862460e-03  -1.4444146e-01   6.3433355e-01  -9.4784720e-01   8.9422035e-01   4.1563107e-01  -1.6924256e+00  -1.4020101e-01  -1.0915215e+00
   2.0000000e+00   5.9672006e-02   1.0854080e-01   7.6903318e-01   6.6950681e-01   7.5061498e-03  -1.1748224e-01   2.1178365e+00   1.0437135e+00   6.5204425e-02   4.7737559e-01
   2.0000000e+00   1.7678685e-01   1.2806578e+00  -6.9848408e-01  -6.8059619e-01   2.3625191e+00  -6.7474901e-01   1.1102761e+00   1.2618736e-01   1.7833025e+00  -7.3123697e-01
   2.0000000e+00   1.9251530e-01   1.0278965e+00   4.7672051e-01   5.2386043e-01   2.5244229e+00  -1.5468699e-01   1.7656142e+00  -2.2207122e-01  -2.8274332e-01   3.9152679e-01
   2.0000000e+00  -1.1608933e-01  -3.1369947e-01  -7.5485633e-01   1.5946131e+00   4.6705879e-01  -5.1335340e-01   7.7078249e-01  -3.9683544e-01  -6.5611274e-01  -7.0072470e-01
   2.0000000e+00   1.1871507e+00  -1.6424653e+00  -9.8500172e-01  -1.1571814e+00  -6.2640839e-02  -1.4152291e+00   1.3745341e+00   1.2244517e+00   1.2189809e+00   2.3155700e-01
   2.0000000e+00  -8.1394610e-01   5.1445960e-02  -1.3509353e+00  -7.9361365e-01  -6.4090014e-01   2.8661092e-01   1.2785802e+00   6.2648569e-01   8.3946547e-01  -9.7846264e-01
   2.0000000e+00   5.6741935e-01   2.3990805e-01  -6.2801958e-01   9.3785669e-01   2.1580097e-01   1.2657714e+00  -1.0769216e-01   2.1038956e+00   1.6977699e+00  -6.1641719e-01
